   2.4923311e+01   4.3800000e+01
   4.3152633e+01   7.3200000e+01
   2.6222044e+01   5.5200000e+01
   2.7128200e+01   5.4800000e+01
   2.0231200e+01   3.7200000e+01
   9.2435549e+00   1.3600000e+01
   1.0004203e+01   1.4800000e+01
   9.2530044e+00   1.5400000e+01
   8.3616762e+00   1.5400000e+01
   8.1534794e+00   1.2200000e+01
   7.3608333e+00   1.2000000e+01
   6.4783016e+00   1.0800000e+01
   5.6459944e+00   9.8000000e+00
   4.1800314e+01   7.7600000e+01
   3.4981100e+01   6.0400000e+01
   2.5864960e+01   4.3800000e+01
   2.6386067e+01   4.8000000e+01
   1.6581033e+01   3.0200000e+01
   1.8967960e+01   3.9400000e+01
   1.9912567e+01   3.7400000e+01
   4.6867333e+01   7.6000000e+01
   9.0003257e+00   2.4000000e+01
   6.2411800e+00   1.0588235e+01
   5.3623167e+00   9.4285714e+00
   5.3629889e+00   1.0200000e+01
   5.7982048e+00   7.3333333e+00
   5.3643333e+00   1.2400000e+01
   4.5321222e+00   9.0000000e+00
   5.4638222e+00   6.0000000e+00
   7.2842000e+00   1.2266667e+01
   7.8281622e+00   1.3600000e+01
   1.3953720e+01   2.7400000e+01
   8.0032034e+00   1.4371859e+01
   4.5973086e+00   4.3410853e+00
   5.1602467e+00   7.0000000e+00
   5.7349390e+00   6.5319865e+00
   5.6005714e+00   8.7333333e+00
   5.1714248e+00   1.1055276e+01
   4.6780905e+00   8.0402010e+00
   7.4931102e+00   1.6142132e+01
   8.1946962e+00   1.4343434e+01
   1.0924226e+01   1.6224490e+01
   7.1515610e+00   1.6530612e+01
   2.6538115e+01   6.7741935e+01
   3.2041607e+01   8.3877551e+01
   1.7709330e+01   4.5656566e+01
   7.0401833e+00   1.4800000e+01
   6.7229246e+00   1.1600000e+01
   7.1983476e+00   1.2299465e+01
   1.2464498e+01   2.3636364e+01
   9.9517753e+00   1.7800000e+01
   1.2588445e+01   1.4000000e+01
   9.8126390e+00   1.5000000e+01
   1.3449582e+01   3.9000000e+01
   9.1027724e+00   2.6200000e+01
   5.5706754e+00   1.6565657e+01
   4.4625952e+00   1.2620027e+01
   4.3049111e+00   1.2145749e+01
   5.3056899e+00   1.4718163e+01
   8.5520111e+00   6.6157761e+00
   4.9479692e+00   7.8494624e+00
   7.1739556e+00   1.5961801e+01
   8.5532595e+00   1.6981132e+01
   6.2067238e+00   1.5188335e+01
   3.4738908e+00   1.0113519e+01
   8.8518222e+00   1.6158192e+01
   6.5011956e+00   1.4599341e+01
   1.0625068e+01   1.6268980e+01
   5.0672111e+00   1.4606742e+01
   4.6793389e+00   1.3469388e+01
   7.2758644e+00   1.5856777e+01
   5.1874429e+00   8.8536813e+00
   5.3117079e+00   1.0200000e+01
   5.9518556e+00   1.3439306e+01
   5.7405089e+00   1.3193403e+01
   4.4439651e+00   1.1843876e+01
   2.9792889e+00   7.8172589e+00
   2.4966333e+00   5.8078141e+00
   2.4603333e+00   5.8947368e+00
   3.1052825e+00   5.5848261e+00
   6.0730476e+00   9.4117647e+00
   4.8030726e+00   1.0692588e+01
   1.1589111e+01   2.3577236e+01
   1.3443548e+01   3.3380282e+01
   5.4205119e+00   1.2112676e+01
   1.9158333e+00   3.9041096e+00
   3.0496610e+00   6.3414634e+00
   6.2403733e+00   1.1464968e+01
   6.4150167e+00   1.2903226e+01
   1.7262667e+00   4.3434343e+00
   1.7496600e+00   4.7826087e+00
   2.0388500e+00   4.3172691e+00
   1.8289438e+00   3.9583333e+00
   8.2303048e+00   2.1370968e+01
   8.3776000e+00   1.8481013e+01
   1.0030324e+01   1.6075949e+01
   4.6188389e+00   9.4472362e+00
   4.4057444e+00   9.0058480e+00
   4.2881056e+00   1.0062112e+01
   4.4458857e+00   1.0526316e+01
   3.2401111e+00   9.2941176e+00
   6.4089667e+00   1.8813559e+01
   7.7002095e+00   1.5432099e+01
   3.2848619e+00   7.6363636e+00
   4.3326067e+00   1.0559006e+01
   3.9271222e+00   1.0395480e+01
   4.8545200e+00   1.1411765e+01
   5.7058990e+00   1.2000000e+01
   3.8832933e+00   1.0666667e+01
   7.9720667e+00   1.9125683e+01
   5.2514000e+00   1.5250000e+01
   9.0319778e+00   1.8915663e+01
   1.0890000e+01   3.1724138e+01
   9.3976667e+00   2.5174825e+01
   8.0803800e+00   1.8750000e+01
   5.8886667e+00   1.2111111e+01
   5.9935333e+00   1.3571429e+01
   5.8967077e+00   7.8378378e+00
   5.6117111e+00   1.3374233e+01
   4.9090276e+00   1.0361446e+01
   4.2683422e+00   1.0681818e+01
   1.5794533e+00   4.4680851e+00
   2.8120400e+00   5.4726368e+00
   1.9265505e+00   4.8453608e+00
   2.3506267e+00   5.6338028e+00
   1.0472723e+01   2.4761905e+01
   7.8987333e+00   2.0839161e+01
   7.1051200e+00   1.7800000e+01
   9.0266000e+00   1.6717949e+01
   9.5348000e+00   2.8542914e+01
   5.7972444e+00   1.5593220e+01
   6.3988833e+00   1.7187500e+01
   8.2366044e+00   1.8000000e+01
   8.6943302e+00   1.9600000e+01
   6.5151778e+00   1.5107914e+01
   9.1691111e+00   2.0277778e+01
   1.2023943e+01   2.1967213e+01
   1.0023410e+01   1.8200000e+01
   6.8943111e+00   1.6400000e+01
   2.7514056e+00   8.2412060e+00
   2.2443771e+00   4.7474747e+00
   2.3124444e+00   5.8943089e+00
   3.1567556e+00   6.0606061e+00
   2.8276356e+00   5.5110220e+00
   2.8658178e+00   4.9473684e+00
   3.1677800e+00   6.5000000e+00
   4.5259378e+00   1.0785340e+01
   3.0722476e+00   7.5609756e+00
   4.4398933e+00   1.1419069e+01
   1.0864904e+01   2.6000000e+01
   1.5540837e+01   3.0000000e+01
   6.5895704e+00   1.5616438e+01
   6.0957111e+00   1.6946000e+01
   1.0011271e+01   1.6096866e+01
   3.1702000e+00   5.8394161e+00
   3.0841556e+00   5.4162487e+00
   2.8996978e+00   5.1724138e+00
   3.4619444e+00   6.5524194e+00
   4.1086222e+00   1.1478300e+01
   4.4554889e+00   1.1538462e+01
   5.1239467e+00   1.1567800e+01
   3.9954200e+00   1.0200000e+01
   2.7437422e+00   8.0226000e+00
   2.4017156e+00   7.1717172e+00
   2.4436622e+00   6.3265306e+00
   2.4326378e+00   7.0213000e+00
   2.7063667e+00   6.0396040e+00
   2.9040000e+00   6.0000000e+00
   2.1929833e+01   3.7000000e+01
   9.1570667e+00   1.6400000e+01
   6.4559167e+00   1.3265306e+01
   8.1703789e+00   2.0134228e+01
   4.3573176e+00   8.2699742e+00
   4.3842500e+00   7.7551020e+00
   1.3031300e+01   2.0792079e+01
   2.3477130e+01   3.9200000e+01
   1.5022540e+01   2.3400000e+01
   1.8709830e+01   5.8701299e+01
   2.6135020e+01   3.9595960e+01
   1.1507614e+01   2.0404040e+01
   3.5657796e+01   5.4418131e+01
   3.1364217e+01   5.4400000e+01
   2.8573267e+01   5.5200000e+01
   1.1302675e+01   3.1041667e+01
   1.5223856e+01   3.3535354e+01
   1.6012969e+01   2.4828283e+01
   1.3927565e+01   2.7598814e+01
   1.0359986e+01   2.5647059e+01
   7.8166267e+00   1.8401961e+01
   2.7725077e+00   6.7307692e+00
   2.8143667e+00   8.1923077e+00
   3.1998000e+00   9.8300654e+00
   5.6629400e+00   1.1360000e+01
   5.9013167e+00   1.2384615e+01
   6.0987583e+00   1.1060000e+01
   6.7286111e+00   1.6294505e+01
   8.7058333e+00   1.8830645e+01
   1.5034976e+01   3.4439231e+01
   8.9952364e+00   2.9961538e+01
   2.1267291e+01   3.2320493e+01
   2.3472962e+01   2.9807692e+01
   1.4295207e+01   2.2117647e+01
   1.2471670e+01   3.5394872e+01
   1.5544167e+01   2.2560000e+01
   1.3722979e+01   2.5640000e+01
   1.6406767e+01   4.1076923e+01
   1.0481288e+01   2.9840000e+01
   9.9569583e+00   3.0802078e+01
